NC_003197.2 0 10000 1
NC_003197.2 10000 20000 2
NC_003197.2 20000 30000 1
NC_003197.2 30000 40000 3
NC_003197.2 40000 50000 0
NC_003197.2 50000 60000 0
NC_003197.2 60000 70000 88
NC_003197.2 70000 80000 1
NC_003197.2 80000 90000 1
NC_003197.2 90000 100000 1
NC_003197.2 100000 110000 2
NC_003197.2 110000 120000 0
NC_003197.2 120000 130000 2
NC_003197.2 130000 140000 1
NC_003197.2 140000 150000 0
NC_003197.2 150000 160000 1
NC_003197.2 160000 170000 3
NC_003197.2 170000 180000 3
NC_003197.2 180000 190000 2
NC_003197.2 190000 200000 2
NC_003197.2 200000 210000 3
NC_003197.2 210000 220000 0
NC_003197.2 220000 230000 1
NC_003197.2 230000 240000 0
NC_003197.2 240000 250000 1
NC_003197.2 250000 260000 0
NC_003197.2 260000 270000 0
NC_003197.2 270000 280000 3
NC_003197.2 280000 290000 7
NC_003197.2 290000 300000 51
NC_003197.2 300000 310000 2
NC_003197.2 310000 320000 1
NC_003197.2 320000 330000 3
NC_003197.2 330000 340000 0
NC_003197.2 340000 350000 2
NC_003197.2 350000 360000 3
NC_003197.2 360000 370000 3
NC_003197.2 370000 380000 1
NC_003197.2 380000 390000 4
NC_003197.2 390000 400000 2
NC_003197.2 400000 410000 2
NC_003197.2 410000 420000 3
NC_003197.2 420000 430000 0
NC_003197.2 430000 440000 1
NC_003197.2 440000 450000 0
NC_003197.2 450000 460000 0
NC_003197.2 460000 470000 4
NC_003197.2 470000 480000 0
NC_003197.2 480000 490000 0
NC_003197.2 490000 500000 1
NC_003197.2 500000 510000 0
NC_003197.2 510000 520000 2
NC_003197.2 520000 530000 0
NC_003197.2 530000 540000 0
NC_003197.2 540000 550000 0
NC_003197.2 550000 560000 1
NC_003197.2 560000 570000 0
NC_003197.2 570000 580000 0
NC_003197.2 580000 590000 2
NC_003197.2 590000 600000 0
NC_003197.2 600000 610000 0
NC_003197.2 610000 620000 2
NC_003197.2 620000 630000 2
NC_003197.2 630000 640000 2
NC_003197.2 640000 650000 2
NC_003197.2 650000 660000 2
NC_003197.2 660000 670000 4
NC_003197.2 670000 680000 3
NC_003197.2 680000 690000 1
NC_003197.2 690000 700000 2
NC_003197.2 700000 710000 1
NC_003197.2 710000 720000 1
NC_003197.2 720000 730000 1
NC_003197.2 730000 740000 1
NC_003197.2 740000 750000 0
NC_003197.2 750000 760000 0
NC_003197.2 760000 770000 1
NC_003197.2 770000 780000 3
NC_003197.2 780000 790000 2
NC_003197.2 790000 800000 2
NC_003197.2 800000 810000 1
NC_003197.2 810000 820000 2
NC_003197.2 820000 830000 2
NC_003197.2 830000 840000 48
NC_003197.2 840000 850000 3
NC_003197.2 850000 860000 3
NC_003197.2 860000 870000 0
NC_003197.2 870000 880000 1
NC_003197.2 880000 890000 2
NC_003197.2 890000 900000 3
NC_003197.2 900000 910000 1
NC_003197.2 910000 920000 0
NC_003197.2 920000 930000 0
NC_003197.2 930000 940000 2
NC_003197.2 940000 950000 1
NC_003197.2 950000 960000 0
NC_003197.2 960000 970000 0
NC_003197.2 970000 980000 0
NC_003197.2 980000 990000 0
NC_003197.2 990000 1000000 0
NC_003197.2 1000000 1010000 1
NC_003197.2 1010000 1020000 1
NC_003197.2 1020000 1030000 1
NC_003197.2 1030000 1040000 1
NC_003197.2 1040000 1050000 1
NC_003197.2 1050000 1060000 2
NC_003197.2 1060000 1070000 1
NC_003197.2 1070000 1080000 0
NC_003197.2 1080000 1090000 0
NC_003197.2 1090000 1100000 5
NC_003197.2 1100000 1110000 318
NC_003197.2 1110000 1120000 500
NC_003197.2 1120000 1130000 106
NC_003197.2 1130000 1140000 37
NC_003197.2 1140000 1150000 5
NC_003197.2 1150000 1160000 3
NC_003197.2 1160000 1170000 0
NC_003197.2 1170000 1180000 0
NC_003197.2 1180000 1190000 0
NC_003197.2 1190000 1200000 1
NC_003197.2 1200000 1210000 5
NC_003197.2 1210000 1220000 0
NC_003197.2 1220000 1230000 7
NC_003197.2 1230000 1240000 1
NC_003197.2 1240000 1250000 0
NC_003197.2 1250000 1260000 4
NC_003197.2 1260000 1270000 1
NC_003197.2 1270000 1280000 1
NC_003197.2 1280000 1290000 0
NC_003197.2 1290000 1300000 3
NC_003197.2 1300000 1310000 1
NC_003197.2 1310000 1320000 0
NC_003197.2 1320000 1330000 1
NC_003197.2 1330000 1340000 0
NC_003197.2 1340000 1350000 0
NC_003197.2 1350000 1360000 1
NC_003197.2 1360000 1370000 0
NC_003197.2 1370000 1380000 2
NC_003197.2 1380000 1390000 1
NC_003197.2 1390000 1400000 1
NC_003197.2 1400000 1410000 0
NC_003197.2 1410000 1420000 1
NC_003197.2 1420000 1430000 2
NC_003197.2 1430000 1440000 1
NC_003197.2 1440000 1450000 0
NC_003197.2 1450000 1460000 0
NC_003197.2 1460000 1470000 2
NC_003197.2 1470000 1480000 1
NC_003197.2 1480000 1490000 0
NC_003197.2 1490000 1500000 0
NC_003197.2 1500000 1510000 2
NC_003197.2 1510000 1520000 0
NC_003197.2 1520000 1530000 1
NC_003197.2 1530000 1540000 3
NC_003197.2 1540000 1550000 0
NC_003197.2 1550000 1560000 1
NC_003197.2 1560000 1570000 1
NC_003197.2 1570000 1580000 1
NC_003197.2 1580000 1590000 1
NC_003197.2 1590000 1600000 2
NC_003197.2 1600000 1610000 0
NC_003197.2 1610000 1620000 1
NC_003197.2 1620000 1630000 1
NC_003197.2 1630000 1640000 2
NC_003197.2 1640000 1650000 0
NC_003197.2 1650000 1660000 0
NC_003197.2 1660000 1670000 1
NC_003197.2 1670000 1680000 1
NC_003197.2 1680000 1690000 2
NC_003197.2 1690000 1700000 1
NC_003197.2 1700000 1710000 0
NC_003197.2 1710000 1720000 2
NC_003197.2 1720000 1730000 0
NC_003197.2 1730000 1740000 0
NC_003197.2 1740000 1750000 0
NC_003197.2 1750000 1760000 1
NC_003197.2 1760000 1770000 5
NC_003197.2 1770000 1780000 0
NC_003197.2 1780000 1790000 4
NC_003197.2 1790000 1800000 3
NC_003197.2 1800000 1810000 0
NC_003197.2 1810000 1820000 2
NC_003197.2 1820000 1830000 1
NC_003197.2 1830000 1840000 2
NC_003197.2 1840000 1850000 0
NC_003197.2 1850000 1860000 1
NC_003197.2 1860000 1870000 1
NC_003197.2 1870000 1880000 1
NC_003197.2 1880000 1890000 2
NC_003197.2 1890000 1900000 1
NC_003197.2 1900000 1910000 2
NC_003197.2 1910000 1920000 0
NC_003197.2 1920000 1930000 0
NC_003197.2 1930000 1940000 3
NC_003197.2 1940000 1950000 2
NC_003197.2 1950000 1960000 2
NC_003197.2 1960000 1970000 1
NC_003197.2 1970000 1980000 0
NC_003197.2 1980000 1990000 0
NC_003197.2 1990000 2000000 0
NC_003197.2 2000000 2010000 1
NC_003197.2 2010000 2020000 0
NC_003197.2 2020000 2030000 2
NC_003197.2 2030000 2040000 2
NC_003197.2 2040000 2050000 1
NC_003197.2 2050000 2060000 2
NC_003197.2 2060000 2070000 1
NC_003197.2 2070000 2080000 1
NC_003197.2 2080000 2090000 11
NC_003197.2 2090000 2100000 2
NC_003197.2 2100000 2110000 1
NC_003197.2 2110000 2120000 0
NC_003197.2 2120000 2130000 3
NC_003197.2 2130000 2140000 0
NC_003197.2 2140000 2150000 2
NC_003197.2 2150000 2160000 1
NC_003197.2 2160000 2170000 1
NC_003197.2 2170000 2180000 0
NC_003197.2 2180000 2190000 0
NC_003197.2 2190000 2200000 1
NC_003197.2 2200000 2210000 3
NC_003197.2 2210000 2220000 2
NC_003197.2 2220000 2230000 3
NC_003197.2 2230000 2240000 2
NC_003197.2 2240000 2250000 0
NC_003197.2 2250000 2260000 0
NC_003197.2 2260000 2270000 0
NC_003197.2 2270000 2280000 1
NC_003197.2 2280000 2290000 2
NC_003197.2 2290000 2300000 2
NC_003197.2 2300000 2310000 1
NC_003197.2 2310000 2320000 3
NC_003197.2 2320000 2330000 0
NC_003197.2 2330000 2340000 16
NC_003197.2 2340000 2350000 61
NC_003197.2 2350000 2360000 2
NC_003197.2 2360000 2370000 1
NC_003197.2 2370000 2380000 3
NC_003197.2 2380000 2390000 0
NC_003197.2 2390000 2400000 1
NC_003197.2 2400000 2410000 0
NC_003197.2 2410000 2420000 0
NC_003197.2 2420000 2430000 3
NC_003197.2 2430000 2440000 1
NC_003197.2 2440000 2450000 2
NC_003197.2 2450000 2460000 0
NC_003197.2 2460000 2470000 1
NC_003197.2 2470000 2480000 1
NC_003197.2 2480000 2490000 0
NC_003197.2 2490000 2500000 0
NC_003197.2 2500000 2510000 3
NC_003197.2 2510000 2520000 2
NC_003197.2 2520000 2530000 0
NC_003197.2 2530000 2540000 2
NC_003197.2 2540000 2550000 0
NC_003197.2 2550000 2560000 4
NC_003197.2 2560000 2570000 2
NC_003197.2 2570000 2580000 2
NC_003197.2 2580000 2590000 2
NC_003197.2 2590000 2600000 3
NC_003197.2 2600000 2610000 0
NC_003197.2 2610000 2620000 3
NC_003197.2 2620000 2630000 3
NC_003197.2 2630000 2640000 2
NC_003197.2 2640000 2650000 0
NC_003197.2 2650000 2660000 2
NC_003197.2 2660000 2670000 0
NC_003197.2 2670000 2680000 2
NC_003197.2 2680000 2690000 0
NC_003197.2 2690000 2700000 3
NC_003197.2 2700000 2710000 0
NC_003197.2 2710000 2720000 1
NC_003197.2 2720000 2730000 2
NC_003197.2 2730000 2740000 3
NC_003197.2 2740000 2750000 5
NC_003197.2 2750000 2760000 1
NC_003197.2 2760000 2770000 366
NC_003197.2 2770000 2780000 93
NC_003197.2 2780000 2790000 0
NC_003197.2 2790000 2800000 11
NC_003197.2 2800000 2810000 0
NC_003197.2 2810000 2820000 1
NC_003197.2 2820000 2830000 0
NC_003197.2 2830000 2840000 1
NC_003197.2 2840000 2850000 1
NC_003197.2 2850000 2860000 207
NC_003197.2 2860000 2870000 0
NC_003197.2 2870000 2880000 0
NC_003197.2 2880000 2890000 0
NC_003197.2 2890000 2900000 3
NC_003197.2 2900000 2910000 0
NC_003197.2 2910000 2920000 0
NC_003197.2 2920000 2930000 4
NC_003197.2 2930000 2940000 0
NC_003197.2 2940000 2950000 3
NC_003197.2 2950000 2960000 0
NC_003197.2 2960000 2970000 2
NC_003197.2 2970000 2980000 1
NC_003197.2 2980000 2990000 0
NC_003197.2 2990000 3000000 1
NC_003197.2 3000000 3010000 2
NC_003197.2 3010000 3020000 1
NC_003197.2 3020000 3030000 0
NC_003197.2 3030000 3040000 0
NC_003197.2 3040000 3050000 0
NC_003197.2 3050000 3060000 6
NC_003197.2 3060000 3070000 2
NC_003197.2 3070000 3080000 55
NC_003197.2 3080000 3090000 3
NC_003197.2 3090000 3100000 44
NC_003197.2 3100000 3110000 1
NC_003197.2 3110000 3120000 2
NC_003197.2 3120000 3130000 1
NC_003197.2 3130000 3140000 1
NC_003197.2 3140000 3150000 1
NC_003197.2 3150000 3160000 0
NC_003197.2 3160000 3170000 0
NC_003197.2 3170000 3180000 0
NC_003197.2 3180000 3190000 4
NC_003197.2 3190000 3200000 2
NC_003197.2 3200000 3210000 0
NC_003197.2 3210000 3220000 1
NC_003197.2 3220000 3230000 3
NC_003197.2 3230000 3240000 1
NC_003197.2 3240000 3250000 4
NC_003197.2 3250000 3260000 1
NC_003197.2 3260000 3270000 1
NC_003197.2 3270000 3280000 2
NC_003197.2 3280000 3290000 2
NC_003197.2 3290000 3300000 1
NC_003197.2 3300000 3310000 2
NC_003197.2 3310000 3320000 1
NC_003197.2 3320000 3330000 3
NC_003197.2 3330000 3340000 4
NC_003197.2 3340000 3350000 1
NC_003197.2 3350000 3360000 2
NC_003197.2 3360000 3370000 1
NC_003197.2 3370000 3380000 2
NC_003197.2 3380000 3390000 1
NC_003197.2 3390000 3400000 2
NC_003197.2 3400000 3410000 1
NC_003197.2 3410000 3420000 2
NC_003197.2 3420000 3430000 2
NC_003197.2 3430000 3440000 2
NC_003197.2 3440000 3450000 1
NC_003197.2 3450000 3460000 0
NC_003197.2 3460000 3470000 0
NC_003197.2 3470000 3480000 1
NC_003197.2 3480000 3490000 0
NC_003197.2 3490000 3500000 1
NC_003197.2 3500000 3510000 2
NC_003197.2 3510000 3520000 30
NC_003197.2 3520000 3530000 72
NC_003197.2 3530000 3540000 1
NC_003197.2 3540000 3550000 0
NC_003197.2 3550000 3560000 1
NC_003197.2 3560000 3570000 9
NC_003197.2 3570000 3580000 20
NC_003197.2 3580000 3590000 0
NC_003197.2 3590000 3600000 1
NC_003197.2 3600000 3610000 2
NC_003197.2 3610000 3620000 2
NC_003197.2 3620000 3630000 2
NC_003197.2 3630000 3640000 0
NC_003197.2 3640000 3650000 2
NC_003197.2 3650000 3660000 0
NC_003197.2 3660000 3670000 0
NC_003197.2 3670000 3680000 3
NC_003197.2 3680000 3690000 4
NC_003197.2 3690000 3700000 3
NC_003197.2 3700000 3710000 1
NC_003197.2 3710000 3720000 3
NC_003197.2 3720000 3730000 1
NC_003197.2 3730000 3740000 1
NC_003197.2 3740000 3750000 2
NC_003197.2 3750000 3760000 1
NC_003197.2 3760000 3770000 1
NC_003197.2 3770000 3780000 1
NC_003197.2 3780000 3790000 0
NC_003197.2 3790000 3800000 1
NC_003197.2 3800000 3810000 1
NC_003197.2 3810000 3820000 0
NC_003197.2 3820000 3830000 2
NC_003197.2 3830000 3840000 0
NC_003197.2 3840000 3850000 1
NC_003197.2 3850000 3860000 1
NC_003197.2 3860000 3870000 1
NC_003197.2 3870000 3880000 1
NC_003197.2 3880000 3890000 0
NC_003197.2 3890000 3900000 0
NC_003197.2 3900000 3910000 4
NC_003197.2 3910000 3920000 0
NC_003197.2 3920000 3930000 0
NC_003197.2 3930000 3940000 2
NC_003197.2 3940000 3950000 0
NC_003197.2 3950000 3960000 0
NC_003197.2 3960000 3970000 2
NC_003197.2 3970000 3980000 1
NC_003197.2 3980000 3990000 0
NC_003197.2 3990000 4000000 1
NC_003197.2 4000000 4010000 1
NC_003197.2 4010000 4020000 40
NC_003197.2 4020000 4030000 0
NC_003197.2 4030000 4040000 1
NC_003197.2 4040000 4050000 1
NC_003197.2 4050000 4060000 0
NC_003197.2 4060000 4070000 2
NC_003197.2 4070000 4080000 0
NC_003197.2 4080000 4090000 0
NC_003197.2 4090000 4100000 0
NC_003197.2 4100000 4110000 13
NC_003197.2 4110000 4120000 0
NC_003197.2 4120000 4130000 0
NC_003197.2 4130000 4140000 1
NC_003197.2 4140000 4150000 0
NC_003197.2 4150000 4160000 0
NC_003197.2 4160000 4170000 2
NC_003197.2 4170000 4180000 1
NC_003197.2 4180000 4190000 3
NC_003197.2 4190000 4200000 36
NC_003197.2 4200000 4210000 21
NC_003197.2 4210000 4220000 2
NC_003197.2 4220000 4230000 0
NC_003197.2 4230000 4240000 2
NC_003197.2 4240000 4250000 0
NC_003197.2 4250000 4260000 1
NC_003197.2 4260000 4270000 5
NC_003197.2 4270000 4280000 0
NC_003197.2 4280000 4290000 2
NC_003197.2 4290000 4300000 1
NC_003197.2 4300000 4310000 0
NC_003197.2 4310000 4320000 4
NC_003197.2 4320000 4330000 0
NC_003197.2 4330000 4340000 0
NC_003197.2 4340000 4350000 0
NC_003197.2 4350000 4360000 73
NC_003197.2 4360000 4370000 3
NC_003197.2 4370000 4380000 0
NC_003197.2 4380000 4390000 0
NC_003197.2 4390000 4400000 3
NC_003197.2 4400000 4410000 1
NC_003197.2 4410000 4420000 0
NC_003197.2 4420000 4430000 0
NC_003197.2 4430000 4440000 1
NC_003197.2 4440000 4450000 1
NC_003197.2 4450000 4460000 0
NC_003197.2 4460000 4470000 4
NC_003197.2 4470000 4480000 1
NC_003197.2 4480000 4490000 0
NC_003197.2 4490000 4500000 1
NC_003197.2 4500000 4510000 0
NC_003197.2 4510000 4520000 1
NC_003197.2 4520000 4530000 2
NC_003197.2 4530000 4540000 1
NC_003197.2 4540000 4550000 1
NC_003197.2 4550000 4560000 4
NC_003197.2 4560000 4570000 3
NC_003197.2 4570000 4580000 2
NC_003197.2 4580000 4590000 2
NC_003197.2 4590000 4600000 1
NC_003197.2 4600000 4610000 2
NC_003197.2 4610000 4620000 4
NC_003197.2 4620000 4630000 2
NC_003197.2 4630000 4640000 1
NC_003197.2 4640000 4650000 0
NC_003197.2 4650000 4660000 0
NC_003197.2 4660000 4670000 1
NC_003197.2 4670000 4680000 1
NC_003197.2 4680000 4690000 0
NC_003197.2 4690000 4700000 3
NC_003197.2 4700000 4710000 1
NC_003197.2 4710000 4720000 3
NC_003197.2 4720000 4730000 2
NC_003197.2 4730000 4740000 0
NC_003197.2 4740000 4750000 1
NC_003197.2 4750000 4760000 1
NC_003197.2 4760000 4770000 0
NC_003197.2 4770000 4780000 1
NC_003197.2 4780000 4790000 1
NC_003197.2 4790000 4800000 3
NC_003197.2 4800000 4810000 1
NC_003197.2 4810000 4820000 4
NC_003197.2 4820000 4830000 1
NC_003197.2 4830000 4840000 1
NC_003197.2 4840000 4850000 4
NC_003197.2 4850000 4857450 4
NC_003277.2 0 10000 0
NC_003277.2 10000 20000 320
NC_003277.2 20000 30000 0
NC_003277.2 30000 40000 0
NC_003277.2 40000 50000 143
NC_003277.2 50000 60000 1306
NC_003277.2 60000 70000 1608
NC_003277.2 70000 80000 1550
NC_003277.2 80000 90000 1572
NC_003277.2 90000 93933 660
